Summary A:   Statewide Visibility Correction Factors and Population Totals

                                                            2012 California Waterfowl Breeding Population Survey




                                                    Visibility Correction Factor                                                    Statewide Total
                                          ------------------------------------------------                  --------------------------------------------------------------
Species                                   Mean        SE          CV  %      Pooling Level                  Population Estimate         SE         95% Confidence Interval
--------------------------------------------------------------------------------------------------------------------------------------------------------------------------

1290 Merganser                            3.20       1.31         40.9          FWS 4yr                                  0                 0               (0, ?)
1320 Mallard                              2.29       0.22          9.8          1                                   381922             53698          (276674, 487170)
1350 Gadwall                              1.53       0.14          9.5          4                                    51936             12113           (28193, 75678)
1370 American Wigeon                      1.41       0.44         31.2          10                                    4476              2040             (477, 8476)
1390 Green-winged Teal                    3.22       1.30         40.5          20                                    2112              1438               (0, 4931)
1400 Blue-winged Teal                     4.32       1.01         23.4          FWS 4yr                                  0                 0               (0, ?)
1410 Cinnamon Teal                        3.95       0.58         14.6          5                                    26600              6824           (13224, 39975)
1420 Northern Shoveler                    1.96       0.36         18.5          4                                    29176              6912           (15628, 42723)
1430 Northern Pintail                     2.29       0.51         22.4          10                                    4906              2368             (265, 9548)
1440 Wood Duck                            4.37       0.83         19.1          20                                    4198              1533            (1194, 7203)
1460 Redhead                              2.60       1.51         58.2          5                                     1697              1054               (0, 3763)
1470 Canvasback                           3.84       0.92         23.9          FWS 4yr                                392               375               (0, 1128)
1490 Scaup                                2.23       0.44         19.7          FWS 4yr                                684               507               (0, 1677)
1500 Ring-necked Duck                     1.14       0.37         32.7          FWS 4yr                                  0                 0               (0, ?)
1510 Goldeneye                            3.01       0.64         21.3          FWS 4yr                                  0                 0               (0, ?)
1530 Bufflehead                           2.19       0.60         27.5          15                                    3650              1820              (83, 7216)
1670 Ruddy Duck                           1.30       0.39         30.3          15                                   12777              8588               (0, 29610)
1720 Canada Goose                         1.04       0.20         19.4          20                                   55359             14872           (26209, 84508)
2210 American Coot                        1.41       0.23         16.3          1                                   369652             70603          (231270, 508034)


Summary B, page 1 of 2:  Stratum-level Population Estimates

                                                            2012 California Waterfowl Breeding Population Survey


                                                 Stratum Estimates                             Stratum Estimates                             Stratum Estimates
                                    ------------------------------------------    ------------------------------------------    ------------------------------------------
Species                              TIB  Est Pop    SE     95% Confidence Int     TIB  Est Pop    SE     95% Confidence Int     TIB  Est Pop    SE     95% Confidence Int
--------------------------------------------------------------------------------------------------------------------------------------------------------------------------

                                         Sacramento Valley   (EF =  58.958)                  Delta         (EF =  35.167)            San Joaquin Desert  (EF = 109.968)

1290 Merganser                         0        0       0        (0, ?)              0        0       0        (0, ?)              0        0       0        (0, ?)
1320 Mallard                         635    85641   23155    (40256, 131025)       126    10136    1734     (6737, 13535)        133    33456   19848        (0, 72358)
1350 Gadwall                          68     6116    2619      (983, 11248)          6      322     207        (0, 727)           16     2684    2142        (0, 6882)
1370 American Wigeon                   0        0       0        (0, ?)              0        0       0        (0, ?)              0        0       0        (0, ?)
1390 Green-winged Teal                 0        0       0        (0, ?)              0        0       0        (0, ?)              0        0       0        (0, ?)
1400 Blue-winged Teal                  0        0       0        (0, ?)              0        0       0        (0, ?)              0        0       0        (0, ?)
1410 Cinnamon Teal                    22     5125    2444      (335, 9915)           2      278     278        (0, 823)            2      869     837        (0, 2509)
1420 Northern Shoveler                63     7298    4330        (0, 15785)         10      691     427        (0, 1528)          12     2593    2497        (0, 7488)
1430 Northern Pintail                  2      270     261        (0, 782)            0        0       0        (0, ?)              0        0       0        (0, ?)
1440 Wood Duck                         2      515     533        (0, 1560)           0        0       0        (0, ?)              0        0       0        (0, ?)
1460 Redhead                           0        0       0        (0, ?)              0        0       0        (0, ?)              3      858     836        (0, 2497)
1470 Canvasback                        0        0       0        (0, ?)              0        0       0        (0, ?)              0        0       0        (0, ?)
1490 Scaup                             0        0       0        (0, ?)              0        0       0        (0, ?)              0        0       0        (0, ?)
1500 Ring-necked Duck                  0        0       0        (0, ?)              0        0       0        (0, ?)              0        0       0        (0, ?)
1510 Goldeneye                         0        0       0        (0, ?)              0        0       0        (0, ?)              0        0       0        (0, ?)
1530 Bufflehead                        4      517     501        (0, 1499)           0        0       0        (0, ?)              0        0       0        (0, ?)
1670 Ruddy Duck                        0        0       0        (0, ?)              0        0       0        (0, ?)             59     8454    8162        (0, 24451)
1720 Canada Goose                     63     3855    2130        (0, 8029)           0        0       0        (0, ?)              0        0       0        (0, ?)
2210 American Coot                  1552   128882   47187    (36396, 221368)       572    28332   10138     (8463, 48202)        171    26486   22402        (0, 70395)








                                       San Joaquin Grassland (EF =  74.120)               Suisun Marsh     (EF =  16.364)           Napa (w/Santa Rosa)  (EF =  36.074)

1290 Merganser                         0        0       0        (0, ?)              0        0       0        (0, ?)              0        0       0        (0, ?)
1320 Mallard                         341    57816   14804    (28800, 86833)        387    14486    8831        (0, 31796)        134    11058    2640     (5882, 16233)
1350 Gadwall                          36     4070    2532        (0, 9032)         218     5442    2863        (0, 11053)         98     5393    3615        (0, 12479)
1370 American Wigeon                   2      208     217        (0, 633)            2       46      32        (0, 110)            4      203     143        (0, 483)
1390 Green-winged Teal                 0        0       0        (0, ?)              0        0       0        (0, ?)              4      465     236        (3, 927)
1400 Blue-winged Teal                  0        0       0        (0, ?)              0        0       0        (0, ?)              0        0       0        (0, ?)
1410 Cinnamon Teal                     8     2343    1228        (0, 4749)          34     2198    1236        (0, 4621)           6      855     578        (0, 1987)
1420 Northern Shoveler                44     6408    2972      (583, 12233)         90     2894     591     (1734, 4053)          32     2268    1544        (0, 5294)
1430 Northern Pintail                  5      847     814        (0, 2442)           2       75      51        (0, 176)            4      330     227        (0, 774)
1440 Wood Duck                         0        0       0        (0, ?)              2      143      97        (0, 334)            2      315     417        (0, 1132)
1460 Redhead                           0        0       0        (0, ?)              1       43      34        (0, 109)            0        0       0        (0, ?)
1470 Canvasback                        0        0       0        (0, ?)              0        0       0        (0, ?)              0        0       0        (0, ?)
1490 Scaup                             0        0       0        (0, ?)              0        0       0        (0, ?)              0        0       0        (0, ?)
1500 Ring-necked Duck                  0        0       0        (0, ?)              0        0       0        (0, ?)              0        0       0        (0, ?)
1510 Goldeneye                         0        0       0        (0, ?)              0        0       0        (0, ?)              0        0       0        (0, ?)
1530 Bufflehead                        0        0       0        (0, ?)              0        0       0        (0, ?)              0        0       0        (0, ?)
1670 Ruddy Duck                        6      579     558        (0, 1672)           0        0       0        (0, ?)             23     1081     761        (0, 2572)
1720 Canada Goose                      4      308     197        (0, 695)           27      459     160      (145, 773)           59     2209    1343        (0, 4842)
2210 American Coot                   896    93540   38413    (18251, 168829)       360     8297    5402        (0, 18885)        156     7926    4982        (0, 17692)










Summary B, page 2 of 2:  Stratum-level Population Estimates

                                                            2012 California Waterfowl Breeding Population Survey


                                                 Stratum Estimates                             Stratum Estimates                             Stratum Estimates
                                    ------------------------------------------    ------------------------------------------    ------------------------------------------
Species                              TIB  Est Pop    SE     95% Confidence Int     TIB  Est Pop    SE     95% Confidence Int     TIB  Est Pop    SE     95% Confidence Int
--------------------------------------------------------------------------------------------------------------------------------------------------------------------------

                                          Northeastern Cal   (EF =  51.069)               East Valley      (EF =  66.889)               West Valley      (EF =  50.815)

1290 Merganser                         0        0       0        (0, ?)              0        0       0        (0, ?)              0        0       0        (0, ?)
1320 Mallard                        1184   138315   39979    (59955, 216674)       148    22645    5076    (12695, 32595)         72     8369    4699        (0, 17579)
1350 Gadwall                         353    27500   10370     (7176, 47825)          4      408     207        (3, 813)            0        0       0        (0, ?)
1370 American Wigeon                  56     4019    2024       (53, 7986)           0        0       0        (0, ?)              0        0       0        (0, ?)
1390 Green-winged Teal                10     1646    1419        (0, 4427)           0        0       0        (0, ?)              0        0       0        (0, ?)
1400 Blue-winged Teal                  0        0       0        (0, ?)              0        0       0        (0, ?)              0        0       0        (0, ?)
1410 Cinnamon Teal                    74    14932    6038     (3098, 26765)          0        0       0        (0, ?)              0        0       0        (0, ?)
1420 Northern Shoveler                70     7024    3323      (511, 13537)          0        0       0        (0, ?)              0        0       0        (0, ?)
1430 Northern Pintail                 29     3385    2196        (0, 7690)           0        0       0        (0, ?)              0        0       0        (0, ?)
1440 Wood Duck                         0        0       0        (0, ?)              8     2337    1231        (0, 4750)           4      888     605        (0, 2074)
1460 Redhead                           6      797     641        (0, 2052)           0        0       0        (0, ?)              0        0       0        (0, ?)
1470 Canvasback                        2      392     375        (0, 1128)           0        0       0        (0, ?)              0        0       0        (0, ?)
1490 Scaup                             6      684     507        (0, 1677)           0        0       0        (0, ?)              0        0       0        (0, ?)
1500 Ring-necked Duck                  0        0       0        (0, ?)              0        0       0        (0, ?)              0        0       0        (0, ?)
1510 Goldeneye                         0        0       0        (0, ?)              0        0       0        (0, ?)              0        0       0        (0, ?)
1530 Bufflehead                       28     3133    1749        (0, 6562)           0        0       0        (0, ?)              0        0       0        (0, ?)
1670 Ruddy Duck                       40     2662    2501        (0, 7564)           0        0       0        (0, ?)              0        0       0        (0, ?)
1720 Canada Goose                    791    41926   14329    (13841, 70010)         67     4651    2773        (0, 10086)         37     1951    1331        (0, 4560)
2210 American Coot                   952    68478   24835    (19802, 117153)        75     7066    2634     (1903, 12229)          9      644     575        (0, 1770)





































